1 0.7984375 0.53828125 0.0625 0.1328125
1 0.83671875 0.7546875 0.075 0.071875
1 0.7328125 0.6609375 0.10625 0.0578125
1 0.7046875 0.72578125 0.0984375 0.075
1 0.6203125 0.71640625 0.0484375 0.0984375
1 0.615625 0.603125 0.1140625 0.1375
1 0.68515625 0.5578125 0.0921875 0.096875
1 0.7453125 0.4828125 0.0890625 0.11875
1 0.384375 0.59609375 0.0796875 0.10625
1 0.38671875 0.6921875 0.125 0.0859375
1 0.4546875 0.7546875 0.1109375 0.0578125
1 0.521875 0.584375 0.1140625 0.103125
1 0.56484375 0.48046875 0.0859375 0.0921875
1 0.459375 0.490625 0.0828125 0.065625
1 0.47578125 0.43984375 0.096875 0.071875
1 0.63203125 0.40625 0.0546875 0.1078125
1 0.59375 0.334375 0.0484375 0.0859375
1 0.28828125 0.76171875 0.1203125 0.071875
1 0.53125 0.30546875 0.0625 0.0921875
1 0.7015625 0.3578125 0.0890625 0.0609375