1 0.80546875 0.52890625 0.0671875 0.146875
1 0.7328125 0.65390625 0.0921875 0.0578125
1 0.7015625 0.72109375 0.09375 0.0796875
1 0.6203125 0.60078125 0.1140625 0.125
1 0.66796875 0.53359375 0.0875 0.10625
1 0.759375 0.4828125 0.0984375 0.1078125
1 0.5625 0.47578125 0.0625 0.1109375
1 0.6296875 0.4015625 0.053125 0.096875
1 0.69921875 0.35078125 0.0609375 0.053125
1 0.52421875 0.58671875 0.1109375 0.0859375
1 0.44453125 0.75234375 0.10625 0.096875
1 0.38671875 0.59609375 0.0875 0.10625
1 0.415625 0.53125 0.075 0.103125
1 0.4640625 0.47109375 0.084375 0.059375
1 0.48046875 0.43515625 0.096875 0.0671875
1 0.84140625 0.7453125 0.05625 0.065625
1 0.271875 0.75234375 0.09375 0.0828125
1 0.59609375 0.32421875 0.0484375 0.0828125
1 0.53125 0.29296875 0.0578125 0.084375