1 0.19453125 0.52890625 0.0671875 0.146875
1 0.2671875 0.65390625 0.0921875 0.0578125
1 0.2984375 0.72109375 0.09375 0.0796875
1 0.3796875 0.60078125 0.1140625 0.125
1 0.33203125 0.53359375 0.0875 0.10625
1 0.240625 0.4828125 0.0984375 0.1078125
1 0.4375 0.47578125 0.0625 0.1109375
1 0.3703125 0.4015625 0.053125 0.096875
1 0.30078125 0.35078125 0.0609375 0.053125
1 0.47578125 0.58671875 0.1109375 0.0859375
1 0.55546875 0.75234375 0.10625 0.096875
1 0.61328125 0.59609375 0.0875 0.10625
1 0.584375 0.53125 0.075 0.103125
1 0.5359375 0.47109375 0.084375 0.059375
1 0.51953125 0.43515625 0.096875 0.0671875
1 0.15859375 0.7453125 0.05625 0.065625
1 0.728125 0.75234375 0.09375 0.0828125
1 0.40390625 0.32421875 0.0484375 0.0828125
1 0.46875 0.29296875 0.0578125 0.084375