2 0.1140625 0.18125 0.1625 0.2546875
2 0.29375 0.18125 0.159375 0.2359375
2 0.48671875 0.18515625 0.1734375 0.2625
2 0.67109375 0.1796875 0.175 0.25703125
2 0.8703125 0.17890625 0.16171875 0.2140625
2 0.89375 0.4875 0.14765625 0.2046875
2 0.7375 0.4828125 0.13984375 0.21015625
2 0.58828125 0.48828125 0.13125 0.20234375
2 0.44453125 0.49453125 0.13984375 0.2015625
2 0.2890625 0.4734375 0.1453125 0.2140625
2 0.109375 0.47265625 0.153125 0.23125
2 0.1 0.76328125 0.14921875 0.2015625
2 0.26015625 0.746875 0.13359375 0.20078125
2 0.421875 0.75546875 0.14375 0.2046875
2 0.58125 0.759375 0.14375 0.2078125
2 0.73515625 0.76875 0.13359375 0.20390625
2 0.88515625 0.7640625 0.140625 0.184375