0 0.07421875 0.25703125 0.14765625 0.5109375
0 0.246875 0.25390625 0.15 0.5078125
0 0.41328125 0.2609375 0.1421875 0.52109375
0 0.58828125 0.25859375 0.1640625 0.5171875
0 0.75859375 0.25625 0.15078125 0.5125
0 0.92734375 0.25859375 0.1453125 0.5171875
0 0.92578125 0.78671875 0.14765625 0.4265625
0 0.75234375 0.78359375 0.159375 0.41796875
0 0.5796875 0.7984375 0.14921875 0.403125
0 0.409375 0.77421875 0.153125 0.40859375
0 0.25703125 0.80234375 0.11875 0.38828125
0 0.0765625 0.79296875 0.153125 0.3921875